500 499
0 1
0 2
0 3
0 4
0 5
0 6
0 7
0 8
0 9
0 10
0 11
0 12
0 13
0 14
0 15
0 16
0 17
0 18
1 19
1 20
1 21
1 22
1 23
1 24
1 25
1 26
1 27
1 28
1 29
1 30
1 31
1 32
1 33
1 34
1 35
1 36
1 37
1 38
1 39
1 40
1 41
1 42
1 43
2 44
2 45
2 46
2 47
2 48
2 49
2 50
3 51
3 52
3 53
3 54
3 55
3 56
3 57
3 58
3 59
3 60
3 61
3 62
3 63
4 64
4 65
4 66
4 67
4 68
4 69
4 70
4 71
4 72
4 73
4 74
4 75
4 76
4 77
4 78
4 79
5 80
5 81
5 82
5 83
5 84
5 85
5 86
5 87
5 88
5 89
6 90
6 91
6 92
6 93
6 94
6 95
6 96
6 97
7 98
7 99
7 100
7 101
7 102
7 103
7 104
7 105
8 106
8 107
8 108
8 109
8 110
8 111
8 112
8 113
8 114
8 115
8 116
8 117
8 118
8 119
8 120
8 121
9 122
9 123
9 124
9 125
9 126
9 127
9 128
9 129
9 130
9 131
9 132
9 133
9 134
9 135
10 136
10 137
10 138
10 139
11 140
11 141
11 142
11 143
11 144
11 145
11 146
11 147
11 148
11 149
11 150
11 151
11 152
11 153
11 154
11 155
11 156
11 157
11 158
11 159
11 160
11 161
11 162
11 163
11 164
12 165
12 166
12 167
12 168
12 169
12 170
12 171
12 172
12 173
12 174
12 175
12 176
12 177
12 178
12 179
12 180
12 181
12 182
12 183
12 184
12 185
12 186
12 187
12 188
13 189
13 190
13 191
13 192
13 193
13 194
13 195
13 196
13 197
13 198
13 199
13 200
13 201
13 202
13 203
13 204
13 205
13 206
13 207
13 208
13 209
13 210
14 211
14 212
14 213
14 214
14 215
14 216
14 217
14 218
14 219
14 220
14 221
14 222
14 223
14 224
14 225
14 226
14 227
14 228
14 229
14 230
14 231
14 232
14 233
14 234
14 235
14 236
14 237
15 238
15 239
15 240
15 241
15 242
15 243
16 244
16 245
16 246
16 247
16 248
16 249
16 250
16 251
16 252
16 253
16 254
16 255
16 256
16 257
16 258
17 259
17 260
17 261
17 262
17 263
17 264
17 265
17 266
17 267
17 268
17 269
17 270
17 271
17 272
17 273
17 274
17 275
17 276
17 277
17 278
17 279
17 280
17 281
17 282
17 283
17 284
18 285
18 286
19 287
19 288
19 289
19 290
19 291
19 292
19 293
19 294
19 295
19 296
19 297
19 298
19 299
19 300
19 301
19 302
19 303
19 304
19 305
19 306
19 307
19 308
19 309
19 310
19 311
20 312
20 313
20 314
20 315
20 316
20 317
20 318
20 319
20 320
20 321
20 322
21 323
21 324
21 325
21 326
21 327
21 328
21 329
21 330
21 331
21 332
21 333
21 334
21 335
21 336
21 337
21 338
21 339
21 340
21 341
21 342
21 343
21 344
21 345
21 346
21 347
21 348
22 349
22 350
22 351
22 352
22 353
22 354
22 355
22 356
22 357
22 358
22 359
22 360
22 361
22 362
22 363
22 364
22 365
22 366
22 367
22 368
22 369
22 370
22 371
22 372
22 373
22 374
22 375
22 376
22 377
23 378
23 379
23 380
23 381
23 382
23 383
23 384
23 385
23 386
23 387
23 388
23 389
23 390
23 391
23 392
23 393
23 394
23 395
23 396
23 397
23 398
23 399
23 400
23 401
23 402
23 403
23 404
23 405
23 406
23 407
24 408
24 409
24 410
24 411
24 412
24 413
24 414
24 415
24 416
24 417
24 418
24 419
24 420
24 421
24 422
24 423
24 424
25 425
25 426
25 427
25 428
25 429
25 430
25 431
26 432
26 433
26 434
26 435
26 436
26 437
26 438
26 439
26 440
26 441
26 442
26 443
26 444
27 445
27 446
27 447
27 448
27 449
27 450
27 451
27 452
27 453
27 454
27 455
27 456
27 457
27 458
27 459
27 460
27 461
27 462
27 463
27 464
27 465
27 466
27 467
27 468
27 469
27 470
27 471
27 472
27 473
28 474
28 475
28 476
29 477
29 478
29 479
29 480
29 481
29 482
29 483
29 484
29 485
29 486
29 487
29 488
29 489
29 490
29 491
29 492
29 493
29 494
29 495
29 496
29 497
29 498
29 499
